27	30
5
HD23	Xuat	29	2	2016
2
10	4	10000
5	2	9e+006
2
HD3	Nhap	18	2	2019
9
2	15	10000
5	30	5000
3	10	15000
7	30	30000
11	56	21000
12	48	89000
13	14	15000
14	16	92000
15	30	35000
3
HD8	Xuat	11	2	2019
3
5	100	10000
6	200	15000
9	1000	2500
9
HD17	Xuat	15	6	1999
2
8	100000	1230
6	12322	2000
9
HD12	Nhap	26	4	2018
2
5	2000	30000
7	250	40000
9
HD16	Nhap	8	8	2019
2
4	1230	2231
7	2231	2233
3
HD4	Nhap	15	5	1995
10
1	10	20000
8	40	50000
9	20	17000
4	60	60000
6	10	15000
11	56	21000
12	48	89000
13	14	15000
14	16	92000
15	30	35000
3
HD24	Nhap	11	6	2019
4
12	20	6000
20	50	70000
1	500	5000
2	100	8000
39
HD22	Xuat	6	7	2019
3
8	351	6000
4	2	900000
3	2	2e+006
10
HD29	Xuat	12	1	2019
2
13	11	50000
18	23	90000
10
HD6	Nhap	10	10	2010
2
1	1	500000
10	10	100000
26
HD19	Xuat	1	6	2019
4
1	500	20000
5	20	5e+006
15	500	6000
8	300	5000
16
HD18	Xuat	21	5	2019
5
16	2	500000
13	1	50000
17	5	8e+006
19	6	25000
20	6	900000
30
HD20	Xuat	3	6	2019
6
10	20	30000
20	20	60000
2	30	8000
4	2	1.5e+006
8	200	8000
9	2	50000
24
HD26	Xuat	14	6	2019
6
5	2	5e+006
6	50	3000
8	50	4000
9	2	20000
14	1	50000
15	2	300000
1
HD21	Xuat	6	7	2019
2
1	200	5000
6	100	6000
1
HD7	Xuat	24	5	2016
3
4	100	2000
7	200	40000
8	500	10000
1
HD1	Nhap	28	9	1997
16
1	20	20000
2	10	10000
3	10	15000
4	10	60000
5	5	5000
6	10	15000
7	30	30000
8	20	50000
9	24	12000
10	78	6000
11	56	21000
12	48	89000
13	14	15000
14	16	92000
15	30	35000
16	78	32000
1
HD9	Nhap	24	1	2018
2
1	1000	20000
7	2131	45000
1
HD28	Nhap	12	2	2020
4
12	12	10000
22	22	10000
2	1	50000
2	2	50000
37
HD27	Nhap	14	5	2019
2
11	20	300000
28	2	500000
2
HD25	Xuat	13	6	2019
3
13	50	50000
11	20	40000
10	10	20000
2
HD10	Nhap	16	7	2019
3
10	10	50000
9	80	120000
7	100	25000
2
HD2	Xuat	12	4	2000
11
3	15	15000
2	15	10000
7	30	30000
8	20	50000
9	24	12000
10	78	6000
11	56	21000
12	48	89000
13	14	15000
14	16	92000
15	30	35000
2
HD5	Nhap	1	12	2019
2
4	1000	5000
7	79	25000
25
HD11	Xuat	15	7	2019
4
5	100	2000
9	260	30000
1	100	10000
10	360	28000
14
HD17	Nhap	12	2	2017
2
4	1230	2231
7	2231	2233